
 x= 3
k= 0
q=6: [5]
k= 1
q=12: [5, 7]
k= 2
q=24: [5, 7, 13]
k= 3
q=48: [5, 7, 13, 25]
k= 4
q=96: [5, 7, 13, 25, 49]
k= 5
q=192: [5, 7, 13, 25, 49, 97]
k= 6
q=384: [5, 7, 13, 25, 49, 97, 193]
k= 7
q=768: [5, 7, 13, 25, 49, 97, 193, 385]
k= 8
q=1536: [5, 7, 13, 25, 49, 97, 193, 385, 769]
k= 9
q=3072: [5, 7, 13, 25, 49, 97, 193, 385, 769, 1537]
k= 10
q=6144: [5, 7, 13, 25, 49, 97, 193, 385, 769, 1537, 3073]

 x= 4
k= 0
q=14: [9, 11]
k= 1
q=28: [9, 11, 15]
k= 2
q=56: [9, 11, 15, 29]
k= 3
q=112: [9, 11, 15, 29, 57]
k= 4
q=224: [9, 11, 15, 29, 57, 113]
k= 5
q=448: [9, 11, 15, 29, 57, 113, 225]
k= 6
q=896: [9, 11, 15, 29, 57, 113, 225, 449]
k= 7
q=1792: [9, 11, 15, 29, 57, 113, 225, 449, 897]
k= 8
q=3584: [9, 11, 15, 29, 57, 113, 225, 449, 897, 1793]
k= 9
q=7168: [9, 11, 15, 29, 57, 113, 225, 449, 897, 1793, 3585]
k= 10
q=14336: [9, 11, 15, 29, 57, 113, 225, 449, 897, 1793, 3585, 7169]

 x= 5
k= 0
q=30: [17, 19, 23]
k= 1
q=60: [17, 19, 23, 31]
k= 2
q=120: [17, 19, 23, 31, 61]
k= 3
q=240: [17, 19, 23, 31, 61, 121]
k= 4
q=480: [17, 19, 23, 31, 61, 121, 241]
k= 5
q=960: [17, 19, 23, 31, 61, 121, 241, 481]
k= 6
q=1920: [17, 19, 23, 31, 61, 121, 241, 481, 961]
k= 7
q=3840: [17, 19, 23, 31, 61, 121, 241, 481, 961, 1921]
k= 8
q=7680: [17, 19, 23, 31, 61, 121, 241, 481, 961, 1921, 3841]
k= 9
q=15360: [17, 19, 23, 31, 61, 121, 241, 481, 961, 1921, 3841, 7681]

 x= 6
k= 0
q=62: [33, 35, 39, 47]
k= 1
q=124: [33, 35, 39, 47, 63]
k= 2
q=248: [33, 35, 39, 47, 63, 125]
k= 3
q=496: [33, 35, 39, 47, 63, 125, 249]
k= 4
q=992: [33, 35, 39, 47, 63, 125, 249, 497]
k= 5
q=1984: [33, 35, 39, 47, 63, 125, 249, 497, 993]
k= 6
q=3968: [33, 35, 39, 47, 63, 125, 249, 497, 993, 1985]
k= 7
q=7936: [33, 35, 39, 47, 63, 125, 249, 497, 993, 1985, 3969]
k= 8
q=15872: [33, 35, 39, 47, 63, 125, 249, 497, 993, 1985, 3969, 7937]
k= 9
q=31744: [33, 35, 39, 47, 63, 125, 249, 497, 993, 1985, 3969, 7937, 15873]

 x= 7
k= 0
q=126: [65, 67, 71, 79, 95]
k= 1
q=252: [65, 67, 71, 79, 95, 127]
k= 2
q=504: [65, 67, 71, 79, 95, 127, 253]
k= 3
q=1008: [65, 67, 71, 79, 95, 127, 253, 505]
k= 4
q=2016: [65, 67, 71, 79, 95, 127, 253, 505, 1009]
k= 5
q=4032: [65, 67, 71, 79, 95, 127, 253, 505, 1009, 2017]
k= 6
q=8064: [65, 67, 71, 79, 95, 127, 253, 505, 1009, 2017, 4033]
k= 7
q=16128: [65, 67, 71, 79, 95, 127, 253, 505, 1009, 2017, 4033, 8065]
k= 8
q=32256: [65, 67, 71, 79, 95, 127, 253, 505, 1009, 2017, 4033, 8065, 16129]

 x= 8
k= 0
q=254: [129, 131, 135, 143, 159, 191]
k= 1
q=508: [129, 131, 135, 143, 159, 191, 255]
k= 2
q=1016: [129, 131, 135, 143, 159, 191, 255, 509]
k= 3
q=2032: [129, 131, 135, 143, 159, 191, 255, 509, 1017]
k= 4
q=4064: [129, 131, 135, 143, 159, 191, 255, 509, 1017, 2033]
k= 5
q=8128: [129, 131, 135, 143, 159, 191, 255, 509, 1017, 2033, 4065]
k= 6
q=16256: [129, 131, 135, 143, 159, 191, 255, 509, 1017, 2033, 4065, 8129]
k= 7
q=32512: [129, 131, 135, 143, 159, 191, 255, 509, 1017, 2033, 4065, 8129, 16257]
k= 8
q=65024: [129, 131, 135, 143, 159, 191, 255, 509, 1017, 2033, 4065, 8129, 16257, 32513]
